,CHILI,H_N_tot,H_bed_depth,H_bulk_dens,H_carb_org,H_carb_tot,H_cec,H_clay,H_fcc,H_ph,H_sand,H_silt,H_stone,H_text_class,N,SANLC,SF,alpha,bare-coverfraction,bio_Pdq,bio_Pwq,bio_annP,bio_maxT,bio_minT,canopy_height,change_abs,change_norm,contrast,corr,cov,critwilt,crops-coverfraction,cti,dissimilarity,distance_roads,distance_settlements,distance_trans_lines,elevation,entropy,evi_summer,evi_winter,fieldcrit,grass-coverfraction,homogeneity,ksat,max_extent,maximum,mean,moss-coverfraction,occurrence,ormc,pielou,range,recurrence,roughness,satfield,sd,shannon,shrub-coverfraction,simpson,slope,snow-coverfraction,spi,stc,topD,tpi,transition,tree-coverfraction,tri,uniformity,urban-coverfraction,variance,vegtype_id,vrm,water-permanent-coverfraction,water-seasonal-coverfraction,wcavail,wcpf2,wcpf3,wcpf4-2,wcres,wcsat,wp,osm_water,seasonality,BurnDate,BurnDate_count
CHILI,1.0,-0.038944475999597265,-0.05718639721558294,0.16010088553543508,-0.1602437560005376,-0.004485596535168709,0.14990556039887276,0.06967262812231398,-0.17010696935835906,0.1886613540615513,-0.012418649071505626,0.06298585895793851,0.08260063227685731,-0.0041438002126331875,0.09264877052400364,0.08031379201310636,0.09643355204609251,0.14781819622270573,0.06700890349060697,-0.16483809671526495,-0.25820911417529624,-0.25901952452977955,0.2332466448029601,-0.06647816997855703,-0.1465808535390028,0.09862249570557148,-0.01374316143136575,-0.018811923206888646,-0.0321462755268792,0.0192468621816475,-0.15936043051996507,0.016445148911101735,0.021243395486372052,-0.015739694955116474,0.020518927125745788,0.05467000580108483,0.01682344008084765,-0.07326382235989996,-0.015635553352982723,-0.20311598544495352,-0.10043130975139367,-0.19922647277115954,0.09359389014008682,0.0142992264203184,0.20025785691235048,-0.0016310721887224976,0.024636276949813747,-0.17744829296159767,,0.1476603387718949,-0.16052116259913277,-0.00734697500651847,-0.023194319175714687,0.12558073778489148,-0.24686839956728754,0.09639506731896341,-0.024586895498239936,-0.020439693606352137,-0.025631662020968216,-0.014673730824048057,-0.24665008057330615,,0.0035333094324825585,0.017251931729840457,-0.2671249421665465,0.1323472615424123,-0.14751978877698768,-0.15780356299120468,-0.24515842904782364,0.016523572175134064,-0.002620630008663944,-0.026684407638608878,0.10949893327235885,-0.22169967319568812,-0.004280595295473492,-0.022809115424377354,-0.1816442783656862,-0.16668181616745917,-0.1461737052287977,-0.13199127354348406,,-0.20925977176604996,0.0268470205013798,0.0030547270719613532,0.1382424009290638,-0.06525827954894041,-0.08333347176462456
H_N_tot,-0.038944475999597265,1.0,-0.2354363155834033,-0.7489292597519253,0.6619550940186579,0.8154173852753976,0.5960729296360965,0.7570806734810431,0.296782156043611,0.4403406109602217,-0.8195224197272055,0.5917920731047592,0.17557129696538182,-0.593334550399199,-0.18460324274923143,0.25066550538978916,0.2834714300846809,-0.2381711877475774,-0.31513231837079464,0.285098228474499,-0.1515731758580518,-0.053967797895243697,0.31404137242521774,0.12247950853511395,0.028606914962532516,-0.019037246908030502,-0.042938856747365,0.196153951904117,0.07867390933851431,0.2588324864934375,0.24324744230640596,0.04672117210004427,0.006540730166721446,0.26169201269316245,0.07622367608762005,0.35361225002661734,-0.20466676741088496,-0.22832423961471388,0.2631797008888154,-0.059364893519935145,-0.3473726283975422,0.26576068013470394,0.3633310105392635,-0.2795677719530418,-0.15852890845640227,0.008906122533152578,-0.2180973961101687,0.04462471431394533,,0.11416958992636062,0.25089674427672365,0.1420056870400535,0.26490933439472913,0.05931355756222806,0.24871535022556146,-0.19101729924268732,0.26116855890469004,0.2849724272934736,-0.42828360878166855,0.2647746231560404,0.2511804543815275,,0.05786992334364151,-0.13194546020851408,0.26226336395567357,0.011726513608063,-0.01720346568224319,-0.11110742803991877,0.25478629375768064,-0.22570195482034652,0.007072830048776555,0.17441991198508258,-0.2605945760949206,0.2732894600370235,0.02642281197714489,0.04809920748182956,0.2587377862860497,0.24853322472260553,0.2319697258777967,0.21886260210113703,,0.2479411381059277,0.03175336431242166,-0.023035586135766072,-0.011334690316510819,0.17022727456231315,0.1987525957292901
H_bed_depth,-0.05718639721558294,-0.2354363155834033,1.0,0.04045333433412977,-0.03201272681928298,-0.2109818517130204,-0.337453002085251,-0.352069186720088,-0.057802956952703995,-0.30552610670655084,0.24693482549168017,-0.12594154439334085,-0.1528596351467409,0.20255774133362175,-0.02053512740593774,-0.2313488556791061,-0.29277342312591254,-0.04077536596551962,0.062212571582142676,0.13734322614283634,0.18899769207601286,0.18482169731805173,-0.20282582411030822,0.09873755313219475,0.14573002088991957,-0.06804095030574994,0.031004242161170724,-0.02020172794003762,0.00048811696503515555,-0.07158243204085626,0.053876566602621,-0.1456371670600437,-0.02051882726298669,-0.03943562314577228,-0.015426666588750257,-0.2882528186293443,0.14094313583629225,0.05389371971769247,-0.053573984361620655,0.17625457967593813,0.1691085279652457,0.0660133334014705,-0.15546176239855836,0.05048233097679105,-0.11107100877837278,0.0021910710392830735,0.04762933960877807,0.13102556705640475,,-0.1438155048600701,0.0063358005486872405,-0.016181312658237294,-0.03665598357545568,-0.1393685881780472,0.05726130001432609,-0.02619568921758413,-0.03805322570643765,-0.04844165405608254,0.17935183175864128,-0.04404651210656995,0.05894071595826455,,-0.042368704179848525,-0.01764209353451847,0.07588082742004781,-0.02165935127441097,0.13397419037903072,0.15643526212157394,0.056292012393685455,0.050469197843326805,-0.001295561926664469,-0.01674445016699946,0.040598739007203954,0.0016570882187531368,-0.002659483204902078,0.0013287599378056507,0.060740879982813474,0.056088334148501784,0.04961458870976327,0.04502204771698711,,0.07872577671326715,-9.053703766741929e-05,0.007700042836361518,-0.14472603819082167,-0.08469607975480217,0.006438938722110958
H_bulk_dens,0.16010088553543508,-0.7489292597519253,0.04045333433412977,1.0,-0.7917299725626766,-0.6500556579147394,-0.2658073750811772,-0.5054589700066789,-0.3287253971844914,-0.03484596253853395,0.6795457792560955,-0.4315754322211387,-0.02831931329477919,0.4889800036007746,0.348048086335039,-0.07984277354363281,-0.22539104705421165,0.47353455752864154,0.36121916235882,-0.6450693974798482,-0.23787042096390823,-0.36810335170603825,0.08439132038949029,-0.4147295577817744,-0.179410582109665,0.049290229761016775,-0.05245226502769422,-0.16869701314902133,-0.09558248873669774,-0.12044792252467788,-0.5049797850092598,-0.05865748225987404,0.099984200331982,-0.19371588401029233,-0.06306479354998319,-0.1898196177371055,0.10565700581228209,0.0848406473003596,-0.17706708074450697,-0.34473297694277694,0.19786147763777479,-0.562638321060198,-0.24222155570774523,0.18776478294966756,0.4888269014763081,-0.0009194668625384563,0.14212137887453985,-0.40776567273045883,,0.07443535325148906,-0.4277925087963746,-0.10579953470911618,-0.20635923892282296,0.10850173216866944,-0.37131165637680313,0.3666362255007078,-0.20779845995332588,-0.20526961340857056,0.39067460224030903,-0.18791169310423958,-0.3792058787692276,,-0.0083780568568934,0.17432281344960307,-0.4119142290750495,-0.03591168259076794,-0.17797983842988757,-0.054718656045809964,-0.376314514323482,0.14890865456726576,-0.03112079263515633,-0.15989023519629875,0.3913552036826199,-0.34457453163346285,-9.808334764809074e-05,-0.022938112519448467,-0.5423699451549764,-0.5175605760866717,-0.4789470801201571,-0.44928778284414095,,-0.5584139245209346,-0.025529317294817125,-0.0033964976268520235,0.2046015033940273,-0.20119450423809634,-0.4387076492403312
H_carb_org,-0.1602437560005376,0.6619550940186579,-0.03201272681928298,-0.7917299725626766,1.0,0.5734901806790059,0.10166539393785994,0.4060074043532274,0.3098863397691023,-0.1271750047056371,-0.5397548434563513,0.1812730656281939,-0.06505128598807464,-0.4151693946005456,-0.15219833976706837,-0.017962940670944567,0.13983005658282546,-0.30062937702879566,-0.41704219385365016,0.6360187953918307,0.41251431087745266,0.5036946503345415,-0.28220605278804173,0.3914562052043507,0.2316431896390668,-0.11291673455453856,-0.021220188244028253,0.07971015345173253,0.09053717608260092,0.016575005209279278,0.3281603606569235,0.0190043404489718,-0.20478398743900533,0.08079150890081671,0.07495076646528007,0.1446249720975999,-0.11171453602606815,0.19167723828135083,0.08364591377243222,0.38507088053989497,-0.12507559000743718,0.445007053381699,0.09217645411254859,-0.07227767090154415,-0.39432154862173924,-0.010194739560073763,-0.06797575933792391,0.379200633516365,,-0.09828184445890475,0.44723734252413927,0.041109578886599184,0.1033547888011787,-0.08506630294191665,0.44818810510433355,-0.16614689942343316,0.10478655122180854,0.09361004265551129,-0.220394206259429,0.08291294631881327,0.45767282010277,,-0.00929082375767166,-0.07550430442461127,0.48922962517468505,0.02373933698554086,0.18947872877008362,0.16369324717112124,0.4521202585950907,-0.06985754747978652,0.006797363322189873,0.08749523988415248,-0.38254588230928904,0.35435442080466034,-0.024029057088835643,-0.02465118446356598,0.3908615824768226,0.3474837619002553,0.2914050133499546,0.25292566752020523,,0.48339296109697233,0.007270367781609641,0.06816454046464605,-0.2123144608785265,0.24989810759237271,0.5281135150908971
H_carb_tot,-0.004485596535168709,0.8154173852753976,-0.2109818517130204,-0.6500556579147394,0.5734901806790059,1.0,0.6229500877715314,0.7359125235653499,0.19122505460257758,0.43338309457135205,-0.8470445283257788,0.5849837879368407,0.12163861422563123,-0.6371234747935216,-0.20721087167526767,0.27635602999792486,0.3541231690959602,-0.2544926658449067,-0.3537180228405962,0.35196151181743335,-0.1121033326537284,-0.018731367772371638,0.2616029478650853,0.052707973592782224,-0.053629005521469986,-0.043146087848121524,-0.0053214900040515776,0.13077488564176135,0.07724414950494614,0.17590755755289936,0.24473049827195884,0.042035843516684976,0.0643997781992823,0.183725377347641,-0.004331344328427264,0.28417943642568827,-0.14214366626151959,-0.21639936796802497,0.20957403227948773,-0.05692735103421125,-0.38863014348167546,0.2568841826629204,0.4107740274947031,-0.20452163172753224,-0.18556122439852674,0.008071566560742585,-0.16823336642911113,0.10128739772690905,,-0.02708151627654954,0.14097531341829958,0.11035957557100548,0.19047941018606215,-0.000764940469363573,0.06217607224198207,-0.20776512938689637,0.18666284669647237,0.21520071103502147,-0.43723911972666235,0.2019514874781008,0.06794401872906303,,0.005284335847052714,-0.07232534360075846,0.08037549431076454,0.009450135978223872,0.04368309415899136,-0.15985850217034336,0.06723934289465498,-0.17514569560955526,-0.022119721102190876,0.11904514933523232,-0.4228596353879503,0.1018073451331502,-0.013981753924260704,-0.0019998693792950654,0.2552591735330712,0.2491201379415038,0.23679498398642684,0.22690450365411147,,0.22641943736503514,0.01261478842338675,0.0559160883779661,-0.13033370115960094,0.13780983581422018,0.2116214690484545
H_cec,0.14990556039887276,0.5960729296360965,-0.337453002085251,-0.2658073750811772,0.10166539393785994,0.6229500877715314,1.0,0.806154475784488,-0.057091427880670426,0.8531674831738977,-0.751794931629791,0.6995193857854113,0.4378063496463725,-0.5347617303383913,-0.1787988526447848,0.39999799263065694,0.5006008350680468,-0.1063912884807717,-0.14288493417163475,-0.08773249377295991,-0.5716306123312083,-0.5165295781508943,0.6838475551235964,-0.23404297985800443,-0.3889762409252775,0.06429600185867054,-0.015584516331610367,0.07074808285971952,0.0028950572154534107,0.20697645412087723,0.060969730977199446,0.06463012227568964,0.24519366497743408,0.15433070743932706,0.06977528549651331,0.4101780366202043,-0.16350932993233624,-0.5174017154046654,0.20046337727199168,-0.4715201144888017,-0.5729510418441883,-0.03774312772442125,0.6701594063915581,-0.2029707635767828,0.11545317698642912,0.013918076267778523,-0.15972104266785128,-0.25675889864315127,,0.09716054757589059,-0.1952275278981141,0.09271873656121629,0.13821539267974722,0.16370969010870987,-0.29279374638725375,-0.17035796958780364,0.12907808986674216,0.1948821599371899,-0.5124882920448387,0.18721321291440501,-0.2938700407925734,,0.0008399609156826798,-0.04657427162044098,-0.31172406683425663,-0.01621787477507647,-0.19218504571464837,-0.5727622188167447,-0.28802189471425976,-0.17186763896566598,-0.06062793323506892,0.041311978992626286,-0.12350163000786166,-0.1625291789126533,-0.0037997673108772423,0.0045870905242972465,0.014427259655300053,0.04795468424017723,0.0846817231159189,0.10702565685808627,,-0.1330799771502495,-0.011202971986208463,0.05644981705309873,0.07908776870661222,0.05690843601245011,-0.09742054968445861
H_clay,0.06967262812231398,0.7570806734810431,-0.352069186720088,-0.5054589700066789,0.4060074043532274,0.7359125235653499,0.806154475784488,1.0,0.15479110511133887,0.6883037631767149,-0.8618443017918017,0.6373463114153165,0.41249920686741154,-0.7207922190100239,-0.0816797983759309,0.35782679765949227,0.5332013147149093,-0.08065389202408307,-0.24108406852153724,0.0895161939870605,-0.3342684329882906,-0.2714665021329083,0.4883886838500491,-0.043371934613071095,-0.3225887594231667,0.05307984441616844,-0.07985754519887346,0.13356680082818337,0.043370531961341864,0.23882282042038394,0.056615767343266794,0.15856672543793762,0.12594424750815436,0.20848558179553825,0.08746921285766403,0.41518099797325153,-0.21404287017727855,-0.24355393023549446,0.2395194476499984,-0.30639961288713835,-0.5414407381717237,0.04273306478243162,0.6330860094814189,-0.24074709702800853,0.06458076895881495,0.00696619478980701,-0.19200020287859357,-0.1324954223947243,,0.19527616831408356,0.056896236353171654,0.11730631234475138,0.20568735451485837,0.21654592285904362,-0.03430855686017757,-0.07942015333473317,0.1990358304134546,0.24321917467050003,-0.6096464253061112,0.22782013689718258,-0.034473959951121264,,0.01593800022250678,-0.051155267852401536,-0.03678023647151191,0.01343642284699312,-0.1494613298788814,-0.455991568563123,-0.030204523770325727,-0.20170807927304812,-0.01703204628885266,0.11181077056504862,-0.22381960326863506,0.05318173535653997,0.013616346474899411,0.013013018723937342,0.05102160655476808,0.05534593191845046,0.05904940493205327,0.06087260674857349,,0.005299284612403135,0.007137038905506042,-0.020602382968416842,0.17346094175931906,0.14968654021959302,0.16534821410691675
H_fcc,-0.17010696935835906,0.296782156043611,-0.057802956952703995,-0.3287253971844914,0.3098863397691023,0.19122505460257758,-0.057091427880670426,0.15479110511133887,1.0,-0.0897187336061635,-0.1469209285686123,-0.02003291861668705,0.08439350028960727,-0.1438097842869965,0.036516153183230274,0.060277098765164405,-0.03819893410583178,-0.007518586517959723,-0.061756333841135165,0.1666783076073185,0.23992048681024258,0.26040917670937574,-0.18945003081655185,0.12143954557297817,0.1475663462790464,-0.05639473786574593,-0.16069033188027423,0.03900991912224614,0.03465284669544837,0.07449090392513004,0.013941738867432253,0.009020479744312502,-0.1850739266181408,0.0626469934203077,-0.0469292996068791,-0.06315090883709154,-0.1462361129769641,0.306582485766436,0.07450594963478177,0.10315349285329897,0.06080488956297983,0.0679661095756325,-0.08724896485288301,-0.0772228549850902,-0.072507336869115,0.005765310418467103,-0.07036423462341106,0.0034122047585813105,,0.15171398903584238,0.27395389211715726,0.055216941618864535,0.06325804533626476,0.09695683408524332,0.5674461023750642,0.03644008794179891,0.06516604335423751,0.08021577500145373,-0.03246390430755588,0.07769896011669501,0.5614257500031408,,0.05619572249888904,0.010934525664468158,0.5534768889271926,0.05438719649646469,-0.12652969950211196,0.18276872756645796,0.5628515712090286,-0.06779747490301873,0.04692752748700455,0.039022568045481903,-0.06013576052776312,0.5924303366831568,0.01014296426882607,0.01140776362938289,0.04036946568014731,0.021928147508212533,0.0005086826394536943,-0.012636123831145827,,0.09418347477282213,0.010189579395687492,-0.006066847107884058,0.08186125926097204,0.10600935466640761,0.19705812651618718
H_ph,0.1886613540615513,0.4403406109602217,-0.30552610670655084,-0.03484596253853395,-0.1271750047056371,0.43338309457135205,0.8531674831738977,0.6883037631767149,-0.0897187336061635,1.0,-0.56309271486407,0.6206094163158488,0.4642007221398672,-0.43361580689076473,-0.004880212250088707,0.4246208364702462,0.45256567160277517,0.10415053171113552,0.027754632549307875,-0.34573285122703035,-0.7293143684301848,-0.7148594518600673,0.8107644744495369,-0.3478891993742762,-0.4665714685915352,0.0877662161394764,-0.11402933023711614,0.11254676502083402,-0.010072743472872934,0.2800936963575319,-0.1507015077835766,0.0985255843127045,0.32954442775387566,0.19745441582813614,0.08395667905801457,0.3860108558622701,-0.17823768436089368,-0.5047707530983371,0.21951805556910375,-0.6420403490128518,-0.489276242402984,-0.25340439456315944,0.6042473115269297,-0.2379974429161482,0.33922773835421205,0.016785598187753128,-0.17742286506736787,-0.4194505495040413,,0.2805812118402276,-0.28720501837143336,0.10341051798167449,0.17646332750162755,0.2795755852553198,-0.3536448823745359,0.006373208116578394,0.16979979258341177,0.21856510394618647,-0.4637358148233841,0.20546873734718066,-0.3585340482266804,,0.06687347293095132,-0.01869879333927238,-0.38640945680804895,-0.03679256951321535,-0.3052400035015575,-0.5851514621747095,-0.34808554452909973,-0.18625645056675777,-0.024636062640893762,0.08219742800703711,0.06580807413369666,-0.19585414191174283,0.03421570701695619,0.05058400935902457,-0.20314169675889118,-0.16657623094747856,-0.12173147995849642,-0.09243906707253242,,-0.33096615956114694,0.00867432778010355,-0.04913374528042755,0.25455952990793845,-0.04994180613493208,-0.25483299813666993
H_sand,-0.012418649071505626,-0.8195224197272055,0.24693482549168017,0.6795457792560955,-0.5397548434563513,-0.8470445283257788,-0.751794931629791,-0.8618443017918017,-0.1469209285686123,-0.56309271486407,1.0,-0.6968500898126171,-0.27596743669247514,0.6887831834381247,0.29794637273253116,-0.29443375946322425,-0.4918561880654376,0.33646346600982296,0.34558991928774196,-0.36139662352575563,0.2089661750220282,0.09936100104603383,-0.37993204693860155,-0.06345758966510995,0.178562705099119,-0.05368559857985091,-0.04356434131149668,-0.14082030900287384,-0.06287721249020205,-0.19650174209368113,-0.3174621118828473,-0.09400389216740741,-0.12270417257585298,-0.2036653742755203,-0.06378924880848266,-0.37928283921612416,0.1623842853080724,0.3417555198675889,-0.21973044630430424,0.12341632883741488,0.5096239805087385,-0.3045413973903709,-0.5999062136509328,0.2248965810907334,0.22078068423566782,-0.005427237086588508,0.17547101896838213,-0.08377578106214162,,-0.03247086438976877,-0.124193010665943,-0.11141061462395022,-0.2047309994155938,-0.0401744705585894,0.014706372653804565,0.3003284458719149,-0.19894026515633845,-0.2312535376357391,0.592490978580799,-0.2150393623260367,0.0101928321243,,-0.010485990076339399,0.10059981736483815,-0.004531255788441555,0.0059549539289679935,0.019489428898077855,0.3529640604045357,0.009339119832506973,0.18398470399757036,0.0058315755248064625,-0.11881829002317054,0.3892032455265359,-0.04807000512858029,0.0025513480128179426,-0.014159511952310383,-0.3172116879985539,-0.31891207726073206,-0.31403028933540494,-0.3078395063559032,,-0.24326742917543986,-0.010396066009481815,-0.04094726581475996,0.07437680174433446,-0.19009379763040413,-0.262440356603629
H_silt,0.06298585895793851,0.5917920731047592,-0.12594154439334085,-0.4315754322211387,0.1812730656281939,0.5849837879368407,0.6995193857854113,0.6373463114153165,-0.02003291861668705,0.6206094163158488,-0.6968500898126171,1.0,0.36498445951980635,-0.5066050811203419,-0.3316149180478752,0.2537987100261092,0.4130070121447292,-0.3258549750698707,-0.09076369792802885,0.17276955471532215,-0.4068460606937952,-0.3263158876557419,0.5634756056877972,-0.07312735813134241,-0.277620227300698,0.016297644858792076,0.062154295384216934,0.17961930594072117,0.06649821007852481,0.260425506816032,0.3093752106079095,0.07307085352431258,0.2676412995104881,0.26487302670234614,0.05232239964474829,0.29837184623746754,-0.04964008102382381,-0.6225449652124347,0.27407394263771684,-0.2436765712363236,-0.42262996569617384,0.24128639303326802,0.6036557768512173,-0.2964912179617629,-0.1280999501730994,0.004137533196655318,-0.223423624290466,0.030939124672183568,,-0.05035426981978418,-0.04044694745245448,0.1499598001626306,0.263008645475452,0.027571106735293602,-0.11701465621130831,-0.34034295828381883,0.25686873941632343,0.29828808807642043,-0.5529679838991428,0.28000835604230867,-0.1168011118882709,,0.03692242572498869,-0.125996290915924,-0.10717059345604221,-0.019394284008756257,-0.0005571839268901075,-0.441386839253928,-0.11110827500042862,-0.2352589869552876,-0.0016026121790556876,0.1503047845499307,-0.21691031532323626,0.0047302858539766,0.015361148067343565,0.0453959661266203,0.2822878271137008,0.30261207960098857,0.319325056443439,0.32617983937224493,,0.15570933305762832,0.027203605075693606,-0.1260648859029827,-0.11799405016662314,0.044207446575099806,-0.07884473755313333
H_stone,0.08260063227685731,0.17557129696538182,-0.1528596351467409,-0.02831931329477919,-0.06505128598807464,0.12163861422563123,0.4378063496463725,0.41249920686741154,0.08439350028960727,0.4642007221398672,-0.27596743669247514,0.36498445951980635,1.0,-0.2630457261120098,0.042451922300441716,0.2540408967812005,0.4347160159207872,0.09742492941504614,0.0882065960533844,-0.12838437449630122,-0.3104244243824004,-0.31334956886225834,0.40147753313550105,-0.19002732500199473,-0.5433357536554009,0.06456861243081918,-0.10096509449694246,-0.013561881568194831,-0.020510394893469168,0.08965458969735896,-0.13353934801698697,0.11691960232466374,-0.010955929586450579,0.0312277343904083,0.08941733489167893,0.18784154405998496,-0.06807257962600441,-0.10462875563171754,0.06728325640313053,-0.4376224036201811,-0.3800679889583858,-0.18019216574559965,0.5018001592382396,-0.06410671239911088,0.21592200307258597,0.008586481623334401,-0.04741418976863873,-0.27378992479600534,,0.2461224778649364,-0.11412308504407591,0.034533584259648434,0.020417962533757248,0.2639259361700226,0.02614770032109152,0.04858662192955299,0.01816857567833975,0.06635402775927231,-0.3459546454425653,0.0681997755113186,0.020777636821872458,,0.02631379715753477,0.03186301512962729,-0.006808324583825611,0.054510437001424404,-0.27504367121486734,-0.5734677563553785,0.026029677296151806,-0.053693710895260816,0.005516356937647134,-0.026720207451460136,0.05365124443157711,0.11914557189939962,0.0015368106261323354,-0.01931541848846591,-0.15856079318565125,-0.1411967514402769,-0.11868856919852665,-0.10314781989456141,,-0.22202222250407738,-0.01885864079668378,0.019151791350764637,0.29452388154458914,0.11318799129250584,-0.0845228333788125
H_text_class,-0.0041438002126331875,-0.593334550399199,0.20255774133362175,0.4889800036007746,-0.4151693946005456,-0.6371234747935216,-0.5347617303383913,-0.7207922190100239,-0.1438097842869965,-0.43361580689076473,0.6887831834381247,-0.5066050811203419,-0.2630457261120098,1.0,0.05701596502440017,-0.2097625713383227,-0.4309710766180388,0.08830106508534838,0.16123101811990462,-0.16738816078248334,0.12822365784611983,0.08051263503906791,-0.2589529563323738,-0.04115195197295313,0.24701841194354662,-0.08113404278667323,0.05010067784708839,-0.12687314190078827,-0.06827071851500154,-0.18106573752076083,-0.08224835863442763,-0.1172927065377786,-0.11085064970632456,-0.16924941144090402,-0.004982649613110383,-0.2506344355133429,0.1771027298029378,0.1068901511568657,-0.17802173786515554,0.12046295914973687,0.38258952693004705,-0.10268280272510702,-0.4726794024293372,0.17864945594850504,0.020226877447245894,-0.009356915005391092,0.14146220532230896,-0.014852993625722866,,-0.23568707032730601,-0.13967600310565692,-0.08955331724738452,-0.18023545154870632,-0.20415457309376697,-0.03577461369709368,0.05563419436643688,-0.1765308228918848,-0.1874548222517651,0.49552285907153903,-0.171811119113101,-0.036124404929838747,,-0.043448989347001865,0.06249774739399947,-0.04855398852290673,0.009040832525867962,0.12284634703217012,0.2991572730174977,-0.03825782623497846,0.1499463050799908,-0.0010347504679217177,-0.11629825715196868,0.2883482741234563,-0.08860646692043403,-0.036088564352870396,-0.05183021282836454,-0.0937702247212698,-0.08646994530558971,-0.0760716546820995,-0.06940456850693205,,-0.10098447883692506,-0.023638125060129137,0.09570359347937361,-0.12098812536836638,-0.09463289804883093,-0.22111718826593388
N,0.09264877052400364,-0.18460324274923143,-0.02053512740593774,0.348048086335039,-0.15219833976706837,-0.20721087167526767,-0.1787988526447848,-0.0816797983759309,0.036516153183230274,-0.004880212250088707,0.29794637273253116,-0.3316149180478752,0.042451922300441716,0.05701596502440017,1.0,-0.023944501740498385,-0.03836102315127112,0.9437512751122579,0.19530087853755496,-0.4304466523129417,-0.10446089729875978,-0.20443726736279655,0.04844319471389076,-0.11218476235633439,-0.14165909117834924,0.00998328321503814,-0.26444211044245525,-0.06731733702187553,-0.04604006802476888,-0.012347810039144676,-0.9035894686086603,0.004869112901325463,-0.05142166862411891,-0.0759862408765,0.12320501492390688,-0.05993100820825596,0.03383629341241907,0.5237690888744285,-0.04848332898202259,-0.27112809150934375,0.1553971488604224,-0.6880447598789126,-0.15635545579637591,0.06598605358351313,0.8159624071956597,0.0038636765580459605,0.03741334686517706,-0.38090117319668815,,0.3705521252764298,-0.07660187360341521,-0.022209023884191787,-0.08336579367814254,0.24973614699432567,0.04399911945046301,0.996277044241245,-0.08105576411953858,-0.07446545044132415,0.1640010424330442,-0.05806536962906908,0.0382340343581944,,0.03912344873730525,0.25520544351961144,0.021520123635302986,-0.0029608464602535424,-0.26306571899274905,0.039825279904880814,0.04193330568972314,0.0391599591305868,-0.013866658415125402,-0.06142793965181797,0.36204253009568255,0.027781570318734995,0.035785843562100725,-0.002396547846047104,-0.81626497558063,-0.881989633879242,-0.9376232329511253,-0.9624993256133006,,-0.44791400816749066,-0.002561581136260739,0.0033556046618029773,0.3888966652096713,-0.025563855035276722,0.01373276772582001
SANLC,0.08031379201310636,0.25066550538978916,-0.2313488556791061,-0.07984277354363281,-0.017962940670944567,0.27635602999792486,0.39999799263065694,0.35782679765949227,0.060277098765164405,0.4246208364702462,-0.29443375946322425,0.2537987100261092,0.2540408967812005,-0.2097625713383227,-0.023944501740498385,1.0,0.22823989279773033,0.01172064800290599,0.014020921798769109,-0.1206133701510046,-0.23851698170290356,-0.22816605012026023,0.2886179149983069,-0.140536260061395,-0.21675034911597563,0.05079639259807591,0.024663013797305035,0.14987978824860196,0.004673667121437044,0.21881198692376094,-0.030508158833943214,0.18517621104355397,0.13470166226885108,0.16508451083738804,-0.00301988211681846,0.1670155943692321,-0.17312082134991133,-0.15711283639839924,0.10998054267918171,-0.33150007692298467,-0.23540358684676804,-0.06262913461327484,0.2160364715128273,-0.1440737205960106,0.11156612299946801,0.009599278478168731,-0.08849516956217966,-0.25285455610221863,,0.06790337514226948,-0.0100065021045245,0.05509801393830418,0.15525875211641027,0.08934323741394612,-0.11779779489981919,-0.016662122136357406,0.15479673041530156,0.13496716550090362,-0.27783688244953214,0.11437177325106392,-0.11997000168753284,,0.06898123210643814,-0.04379871813634972,-0.12439194958019104,-0.0051785595378214255,-0.043302274454962215,-0.25907514005907106,-0.11683181022371891,-0.08743859048543323,0.22780660814662115,0.12826942425790278,-0.044587392879652986,-0.05764769613076802,0.02933481399395143,0.10363548722431883,-0.046552200693239815,-0.035127269102708344,-0.021525977905742375,-0.012690677530085924,,-0.09417072759850047,0.0349640083753424,-0.12447622744785092,0.04563315304472625,0.04621699223232484,-0.053563041977201416
SF,0.09643355204609251,0.2834714300846809,-0.29277342312591254,-0.22539104705421165,0.13983005658282546,0.3541231690959602,0.5006008350680468,0.5332013147149093,-0.03819893410583178,0.45256567160277517,-0.4918561880654376,0.4130070121447292,0.4347160159207872,-0.4309710766180388,-0.03836102315127112,0.22823989279773033,1.0,-0.05532189572358843,-0.14588465754285904,0.1528413608067745,-0.18801041278652672,-0.15833082523939784,0.289412244568522,-0.06607533643554873,-0.4370841480338005,-0.047339128013969216,-0.0926800662152342,-0.03859356691150975,-0.015660637652671172,-0.03731159750825734,0.039085475938343585,0.25668025592353266,0.10760979184392629,-0.006917815346153551,0.1520526861497141,0.322698724315538,-0.027619761668363243,-0.0987567325642502,0.061138326291917795,-0.19432225534497738,-0.4384890045833537,0.04337323126165869,0.6665868443370832,-0.026093621215081814,0.008490456603717259,-0.008775018075316667,-0.043218320330407796,0.09753329511002519,,0.03150601982316645,-0.09077615101534424,0.015287494390752825,-0.01249093649059981,0.10266452514363085,-0.267301141860302,-0.03787820425215841,-0.017310662660817183,0.03023214513569678,-0.6470111925275555,0.03788529905746392,-0.2656100482217556,,-0.058702948423150395,-0.015701593119825292,-0.2851316183613141,0.03199896843477226,-0.06762909190781187,-0.5504937358875032,-0.2672898256268278,-0.054077908035388415,-0.03730671094536878,-0.043450930537208006,-0.22981023531843056,-0.1515324966744432,-0.047228673648915066,-0.081355128400929,0.04193349632073919,0.04049003908229823,0.03778542841497436,0.03619085535801209,,0.03128183344478608,-0.04471826530899,0.14365017277959233,0.0884202290872864,0.10243260131318434,0.2220035241620356
alpha,0.14781819622270573,-0.2381711877475774,-0.04077536596551962,0.47353455752864154,-0.30062937702879566,-0.2544926658449067,-0.1063912884807717,-0.08065389202408307,-0.007518586517959723,0.10415053171113552,0.33646346600982296,-0.3258549750698707,0.09742492941504614,0.08830106508534838,0.9437512751122579,0.01172064800290599,-0.05532189572358843,1.0,0.2317726152361627,-0.5852940556282104,-0.2638693120213533,-0.3665077421306671,0.18248431242466273,-0.17539461668925888,-0.21813726328657962,-0.05885755935622444,-0.31366327958439777,-0.1310322343249889,-0.059777854283929475,-0.02420158925412267,-0.986101905966405,-0.025939725974083706,-0.024472231389855156,-0.12017291911520199,0.09254138671953933,-0.05803845271221128,0.009770264988635455,0.45683246289095125,-0.047355743653286514,-0.39747913284800335,0.11210619914176742,-0.8847176655365289,-0.12076456105743662,0.08279897897632309,0.9168151552025854,0.001834396999003512,0.039158744479603505,-0.5355506592033383,,0.31429430500302574,-0.29919670501629475,-0.028490659656896598,-0.13381626127618565,0.281597665572521,-0.06030079002932158,0.9559413679989592,-0.13360293569167084,-0.08979599225506917,0.18909131385946246,-0.06581990271976329,-0.0679275375771886,,0.008475099094118884,0.2333222488328642,-0.09269789947294596,-0.0007155554943899661,-0.33970714180776834,-0.030293132917548322,-0.0621575501724366,0.03773720463599991,-0.030118752820227863,-0.1230045700604184,0.48147877584118537,-0.05443243786575162,0.004108376965196061,-0.04506784782357646,-0.9555824280933253,-0.9809860309816167,-0.9892835816543757,-0.9835338138635766,,-0.7044649156290371,-0.03364407194324914,0.06432532734221742,0.4002398154622869,-0.09357467509699899,-0.10704000605864224
bare-coverfraction,0.06700890349060697,-0.31513231837079464,0.062212571582142676,0.36121916235882,-0.41704219385365016,-0.3537180228405962,-0.14288493417163475,-0.24108406852153724,-0.061756333841135165,0.027754632549307875,0.34558991928774196,-0.09076369792802885,0.0882065960533844,0.16123101811990462,0.19530087853755496,0.014020921798769109,-0.14588465754285904,0.2317726152361627,1.0,-0.4085995506041405,-0.2538966402066975,-0.29868984671034776,0.17345821645865403,-0.19261269437820103,-0.09301396581023712,0.2428722936014624,-0.012187793780030445,0.20762552214218244,-0.008711968856118154,0.2702031064525425,-0.22424130042087517,0.11310685173658167,0.24090668218935524,0.21412419635254662,-0.015077998818211105,-0.21007120286642467,0.03138660751308292,-0.05028920280633259,0.07130889646116066,-0.2894160039165311,0.11193317858997617,-0.2267492938771346,-0.1959732199897437,-0.16227700296984143,0.3064142546130983,0.031506238763622275,-0.07505219430960425,-0.2759123391742829,,0.36305178091404655,0.012504891911391206,0.07482552325242417,0.19584593932375544,0.24409175909888225,-0.05301360711448581,0.19023650154480076,0.20162497024603737,0.14272513091103664,0.09799539804152173,0.11694489729143229,-0.05970597733565616,,0.30261801237675784,0.011558271332258698,-0.05915240248219089,-0.05382342707984701,-0.2249043178517678,-0.06494282725960579,-0.05284776134627788,-0.06454165184472167,0.025327533327706552,0.16991841305168853,0.28031895427216363,-0.03628751209243301,0.2937070885092831,0.4729267156519335,-0.22962966185055642,-0.22739492512771511,-0.21966068368513342,-0.21330685320835224,,-0.20579424749817973,0.11214901509118656,-0.38394154305692774,0.3212111441177827,-0.1674677790521729,-0.3012013163081572
bio_Pdq,-0.16483809671526495,0.285098228474499,0.13734322614283634,-0.6450693974798482,0.6360187953918307,0.35196151181743335,-0.08773249377295991,0.0895161939870605,0.1666783076073185,-0.34573285122703035,-0.36139662352575563,0.17276955471532215,-0.12838437449630122,-0.16738816078248334,-0.4304466523129417,-0.1206133701510046,0.1528413608067745,-0.5852940556282104,-0.4085995506041405,1.0,0.6265340095070738,0.7499299771862789,-0.5050612017986096,0.38264967541992034,0.2136900938916559,-0.1959256767952939,0.155563845824467,-0.078036346456581,0.07730118761044781,-0.2091530438547466,0.5939357264833632,-0.028290072057704316,-0.2067299578292695,-0.09199669826177517,0.0013251635352005031,0.04911385671242891,0.024769493142677467,0.1326736639757983,-0.03379922701451839,0.5567305878833456,-0.04803162100220907,0.6687697055411311,0.09855906018510498,0.08146153785535631,-0.6969412202934795,-0.02916805272119354,0.03794152921706993,0.6411804391389267,,-0.49084703977050026,0.3214475720179488,-0.014279819731197914,-0.06571415540631484,-0.37565208202383166,0.26081046205646474,-0.4432187577476247,-0.06482599942573529,-0.041628465121561486,-0.16987332973713085,-0.03378624933477613,0.27318423356195054,,-0.14731408221618664,-0.07411556395366357,0.308774944019076,0.06024043405905826,0.3606074922146566,0.1357529860936022,0.26101359070665775,0.03205769794427337,0.002196682654855401,-0.05459072235848456,-0.5583436455767149,0.19012153969632045,-0.11297337423568685,-0.14250516848416947,0.6412544579459998,0.6103105617828299,0.5624483507924178,0.526742757593126,,0.6436650828051365,-0.050276995363910046,0.20716795918074596,-0.48139862775171244,0.27650230087319755,0.5571906786066694
bio_Pwq,-0.25820911417529624,-0.1515731758580518,0.18899769207601286,-0.23787042096390823,0.41251431087745266,-0.1121033326537284,-0.5716306123312083,-0.3342684329882906,0.23992048681024258,-0.7293143684301848,0.2089661750220282,-0.4068460606937952,-0.3104244243824004,0.12822365784611983,-0.10446089729875978,-0.23851698170290356,-0.18801041278652672,-0.2638693120213533,-0.2538966402066975,0.6265340095070738,1.0,0.9754567212106358,-0.9500709805591576,0.24035813020040947,0.30997787808826444,-0.02052981567724424,0.18201279662491054,-0.10926675778230979,0.031233658672004172,-0.29178721233585475,0.2822860673522151,-0.02533977389037574,-0.3324688089669772,-0.18500389234763284,-0.15995267306850083,-0.23761739977711316,-0.015028053226509719,0.5883547301359506,-0.17797405106956238,0.6782881068882257,0.30805743962798543,0.42484500103148687,-0.30689277706256934,0.2172359858887169,-0.4950344814294523,-0.0311025487333401,0.1524742284664372,0.5401832135276232,,-0.3499075549274826,0.3903957319286867,-0.09520436680199662,-0.15634743735484924,-0.2914458530819129,0.442517403183934,-0.10645932290289094,-0.1498662004413006,-0.19006307320581323,0.19327301241729897,-0.18124109663984356,0.44841066739022734,,-0.17018969217438115,0.03367872738895112,0.48233581526437513,0.047753996693694206,0.4080316658581922,0.37550745300818694,0.4349700170544997,0.15795484527111137,0.042899235957721854,-0.07129451892663136,-0.4389843327493561,0.3276856635274401,-0.10943828683167489,-0.13265820120265123,0.3564951423866865,0.30586587314905966,0.24169034784048637,0.1999842192435487,,0.47935668592759817,-0.04018193011798752,0.12773448423342215,-0.3321744530179755,0.16525818640969706,0.4011340164230138
bio_annP,-0.25901952452977955,-0.053967797895243697,0.18482169731805173,-0.36810335170603825,0.5036946503345415,-0.018731367772371638,-0.5165295781508943,-0.2714665021329083,0.26040917670937574,-0.7148594518600673,0.09936100104603383,-0.3263158876557419,-0.31334956886225834,0.08051263503906791,-0.20443726736279655,-0.22816605012026023,-0.15833082523939784,-0.3665077421306671,-0.29868984671034776,0.7499299771862789,0.9754567212106358,1.0,-0.9223358128289141,0.33887514056983664,0.33850872020683476,-0.05282719798176162,0.1873000306370948,-0.09695237415531979,0.05044130780977306,-0.27365598164728205,0.3856686072467482,-0.030497687123056172,-0.333613112402876,-0.16374245424814324,-0.1423483362453378,-0.2061002748734674,-0.011090334138931318,0.5293779203216459,-0.15255308412552107,0.7178234425298399,0.26442622108426966,0.512922445928366,-0.27182324725115253,0.19096066992773417,-0.5860193634022457,-0.02881777230410715,0.13029517955564388,0.590193789026058,,-0.38859152761741284,0.43465809139623013,-0.07842094205527528,-0.13312244983117422,-0.32336411863237546,0.4588001120725247,-0.2092934187388261,-0.12708448523281607,-0.158377980466703,0.14281851600522,-0.15109191036015335,0.46647776782938594,,-0.15442514862406007,-0.002403002409209896,0.5086258095242399,0.049015199355206464,0.4282750379318393,0.3848140859762114,0.4525195725713297,0.1347855675556786,0.04230869237061113,-0.06107301691672713,-0.4599953264289333,0.33247859699730686,-0.10045835084853037,-0.1204669051804918,0.45441257556755554,0.40787953393505366,0.34632978372133716,0.3049060885061678,,0.5479822033686477,-0.03759174857647451,0.1361373032060261,-0.38185397421059053,0.2115064624481275,0.4924933716522295
bio_maxT,0.2332466448029601,0.31404137242521774,-0.20282582411030822,0.08439132038949029,-0.28220605278804173,0.2616029478650853,0.6838475551235964,0.4883886838500491,-0.18945003081655185,0.8107644744495369,-0.37993204693860155,0.5634756056877972,0.40147753313550105,-0.2589529563323738,0.04844319471389076,0.2886179149983069,0.289412244568522,0.18248431242466273,0.17345821645865403,-0.5050612017986096,-0.9500709805591576,-0.9223358128289141,1.0,-0.2702134358551255,-0.36861626493278804,0.03692463493755716,-0.18739142557982263,0.16564913189783462,-0.01634955027397327,0.33839643781283635,-0.20479690101249623,0.06224248230645475,0.3464274068505876,0.24656782665874488,0.17474426960681833,0.29476730690300595,-0.06003730309693366,-0.642671449631962,0.23188539204634237,-0.6667441721958876,-0.3666275099428822,-0.32963865815932997,0.4519594521274457,-0.27411870333218447,0.429125101922654,0.02131633528247668,-0.1934761402898426,-0.4921868691186268,,0.3689873864080342,-0.34259688498525503,0.12278062833943716,0.22161805770665036,0.3036653948573042,-0.4054477907706298,0.05142998407698396,0.2140691417673042,0.24906819947368172,-0.3436446491136809,0.23359330734665043,-0.41075244639625974,,0.143711300702591,-0.07271129232306656,-0.44059975831651577,-0.044094468320660204,-0.37460241734855526,-0.466377218810934,-0.39801996881012125,-0.1999019078276515,-0.02558428861279853,0.1251589362270035,0.2963269380449872,-0.2703674039360863,0.08622624330976822,0.11478091482757863,-0.2689769882821543,-0.2249893680626009,-0.17010338776125808,-0.13479879941891335,,-0.38903007941712775,0.038373962411689166,-0.12007640119449423,0.3160782157338284,-0.11376650130634879,-0.37164424421816444
